130,4
130,3
130,2
130,1
130,0
121,2
121,0
119,3
119,2
119,1
119,0
118,7
118,6
118,5
118,4
118,3
118,2
118,1
118,0
117,3
117,2
117,1
117,0
116,3
116,2
116,1
116,0
115,6
115,5
115,4
115,3
115,1
11,30
11,29
11,28
11,25
11,24
11,21
11,20
11,18
11,13
11,12
11,6
11,5
10,307
10,294
10,288
10,280
10,141
10,278
10,289
10,263
10,247
10,305
10,213
10,79
10,211
10,161
10,145
10,143
10,265
10,2
10,3
11,15
11,10
11,4
11,7
11,26
11,17
11,1
11,22
11,2
11,3
9,7
9,1
9,5
9,2
9,3
8,4
8,6
8,7
8,14
8,18
12,2
12,1
12,3
20,2
20,1
20,3
19,2
19,1
19,3
10,99
10,1
10,73
8,16
8,1
8,10
8,3
8,2
3,3
3,2
3,1
0,472
18,1
18,3
2,2
